snp-dists 0.8.2,AF-21-06026-18,AF-61-03145-17,AF-61-03253-17,AF-61-03262-17,AF-61-03267-17,AF-61-03285-17,AF-61-03286-17,AF-61-03312-17
AF-21-06026-18,0,151,159,154,152,152,156,157
AF-61-03145-17,151,0,26,19,3,17,7,22
AF-61-03253-17,159,26,0,13,27,27,31,32
AF-61-03262-17,154,19,13,0,20,20,24,25
AF-61-03267-17,152,3,27,20,0,18,8,23
AF-61-03285-17,152,17,27,20,18,0,22,13
AF-61-03286-17,156,7,31,24,8,22,0,27
AF-61-03312-17,157,22,32,25,23,13,27,0
