snp-dists 0.8.2,AF-21-06026-18,AF-21-06508-20,AF-61-00180-18,AF-61-03379-20,AF-61-03697-20,AF-61-03732-20
AF-21-06026-18,0,150,153,150,150,156
AF-21-06508-20,150,0,25,22,22,28
AF-61-00180-18,153,25,0,23,23,29
AF-61-03379-20,150,22,23,0,18,24
AF-61-03697-20,150,22,23,18,0,24
AF-61-03732-20,156,28,29,24,24,0
